"temp"	"time"
26.25	1
25.75	2
24.75	3
25.25	4
22.25	5
21	6
20.25	7
19.25	8
20.5	9
21.75	10
24	11
24.25	12
22.25	13
22.5	14
20.5	15
19.25	16
22.25	17
23.75	18
26.5	19
25.25	20
24.75	21
23	22
21.75	23
21	24
20.75	25
19.75	26
19	27
19	28
18.5	29
18	30
19.25	31
23.25	32
21	33
20.75	34
20.5	35
20.5	36
20	37
19.5	38
19.5	39
19	40
18	41
18	42
17.5	43
17	44
16.5	45
16	46
15.5	47
15.5	48
15.5	49
15.5	50
15	51
14.5	52
14.25	53
14	54
13.5	55
13.5	56
13.5	57
13	58
13	59
13	60
12.5	61
12.5	62
12.5	63
12.5	64
12.5	65
12.5	66
12	67
12	68
12	69
12	70
12	71
12	72
12	73
11.75	74
11.5	75
11.5	76
12	77
12	78
12	79
12.5	80
12.5	81
12.5	82
12.5	83
12	84
11.5	85
11.75	86
12	87
12.5	88
13	89
14	90
13.75	91
14.25	92
14.5	93
14	94
14	95
13.75	96
14.5	97
14.5	98
14	99
17	100
15	101
15.75	102
15	103
16.5	104
15	105
17.5	106
22.5	107
22.5	108
20.25	109
19.5	110
17.5	111
16	112
18	113
16.5	114
15.5	115
17.25	116
19	117
17.25	118
15	119
19.75	120
18	121
18.75	122
17.25	123
17	124
16.5	125
17	126
17.75	127
18.75	128
19.25	129
18.25	130
16.5	131
15.5	132
15	133
14.5	134
14	135
13.75	136
13.5	137
13.25	138
13.25	139
12.5	140
12	141
11.5	142
11.25	143
11	144
9.5	145
7.25	146
5.5	147
4.25	148
3.5	149
2.75	150
2.5	151
2	152
1.75	153
1.5	154
1.25	155
1	156
0.75	157
0.75	158
0.5	159
0.25	160
0	161
-0.25	162
-0.25	163
-0.25	164
0.25	165
0.75	166
1	167
1.25	168
1.25	169
1.25	170
1.5	171
2.5	172
4.25	173
4.25	174
4.25	175
5.25	176
6.5	177
8	178
9	179
9.5	180
10	181
11.75	182
17.25	183
22.75	184
20.75	185
19.25	186
18	187
18	188
18.25	189
19	190
19.25	191
19.75	192
21.75	193
25.25	194
25.5	195
25.75	196
24.5	197
29.75	198
33.5	199
33.75	200
32.75	201
34.5	202
33.75	203
32	204
31.75	205
34	206
34	207
32	208
34	209
32	210
32.75	211
32.75	212
32.5	213
33.25	214
32.5	215
30	216
29.75	217
31.75	218
31.75	219
31	220
30.5	221
30.75	222
27.5	223
26.75	224
23.75	225
21.5	226
20.5	227
20	228
19.5	229
19	230
18.5	231
18	232
17	233
16	234
14.25	235
13	236
12	237
11.25	238
10.5	239
10	240
9.75	241
9.75	242
9.25	243
8.5	244
7.5	245
6.75	246
6.5	247
7.5	248
8.5	249
9	250
9.5	251
8.5	252
7.5	253
6.75	254
6.5	255
7	256
8	257
9	258
9.5	259
10	260
10.5	261
10.5	262
10.75	263
11	264
11	265
11	266
11	267
11	268
11.5	269
11.5	270
11.75	271
12	272
12.5	273
13	274
14	275
14.5	276
15.5	277
16.5	278
17	279
18	280
19.75	281
23	282
21.25	283
21	284
21	285
21.5	286
21.5	287
21.75	288
23	289
26.25	290
28.75	291
25.5	292
28.75	293
28	294
30.25	295
28.25	296
26.5	297
25.75	298
26.25	299
27	300
23.5	301
22	302
22	303
23	304
23	305
24.25	306
25	307
23.75	308
23	309
25	310
25.75	311
25	312
25	313
28.25	314
29.5	315
30.25	316
30.25	317
30.5	318
28	319
27.25	320
23.5	321
20.75	322
20	323
19.25	324
19	325
19	326
19	327
18.5	328
17	329
16.5	330
16	331
15	332
15	333
15	334
14.5	335
14.25	336
14	337
13.5	338
13.5	339
13	340
13	341
12.5	342
12.5	343
12	344
12	345
12	346
12	347
11.5	348
11	349
10.5	350
9.5	351
8.25	352
7.5	353
7.25	354
6.25	355
5.75	356
4.75	357
4.25	358
4	359
4	360
4	361
4	362
3.75	363
4.25	364
4.25	365
4.75	366
5.25	367
5.5	368
5.75	369
6.25	370
7.25	371
8.25	372
9.5	373
14.5	374
20.25	375
23.75	376
25.25	377
27	378
27.5	379
27	380
28.75	381
28.75	382
28.5	383
28.25	384
28.25	385
28.5	386
29.5	387
30	388
31.75	389
34.75	390
36.25	391
37.25	392
34.25	393
32.5	394
32.25	395
29.75	396
26.5	397
27	398
24.5	399
22.75	400
20.25	401
17	402
16.75	403
16.25	404
17.25	405
17.25	406
17	407
16.25	408
16	409
15.75	410
15.75	411
15.75	412
16.25	413
16	414
16	415
16.75	416
16.5	417
16.25	418
15.25	419
15	420
15	421
14.5	422
14	423
14.25	424
14.75	425
14.75	426
14.5	427
14.25	428
13.5	429
13	430
12.5	431
12.5	432
11.25	433
10.25	434
9.5	435
8.5	436
7.5	437
6.75	438
5.75	439
5.25	440
5	441
4.75	442
4.25	443
4.25	444
4.25	445
3.75	446
4.25	447
4.25	448
4.25	449
4.75	450
5	451
5	452
5.25	453
4.75	454
4.5	455
4.25	456
3.75	457
3.5	458
3.25	459
3.25	460
3.75	461
4.25	462
5.25	463
5.75	464
8.5	465
10.5	466
12	467
13	468
12.75	469
16.75	470
20.5	471
19.5	472
19.75	473
24.25	474
27	475
28.25	476
28.75	477
26.75	478
25.25	479
24.75	480
25.75	481
26.75	482
26.25	483
28.5	484
31.5	485
34	486
34.5	487
35	488
30.25	489
28.75	490
32.25	491
31.5	492
26.5	493
33.75	494
35.75	495
36.75	496
38	497
37	498
34	499
27.5	500
29.75	501
34	502
29.5	503
26.25	504
30.5	505
32	506
27.75	507
26.25	508
24	509
25	510
23	511
26	512
24.25	513
22.25	514
21.5	515
21.5	516
21	517
19.5	518
18.75	519
18.5	520
19	521
18.5	522
18	523
17.5	524
16.5	525
15	526
12.5	527
10.75	528
9.75	529
8.75	530
8.25	531
7.25	532
7	533
6.5	534
5.75	535
5.75	536
5.25	537
4.75	538
3.75	539
3.25	540
2.75	541
2.25	542
2.25	543
1.75	544
1.75	545
1.75	546
1.75	547
1.25	548
1.25	549
0.75	550
0.75	551
0.25	552
0.25	553
0.25	554
0.25	555
0.25	556
0.75	557
1.25	558
2.25	559
3.25	560
4.25	561
5.75	562
7.25	563
8.25	564
8.75	565
14.25	566
22	567
26	568
28.5	569
29.75	570
30.75	571
31	572
31.25	573
31.25	574
30.25	575
30.5	576
30	577
30.25	578
30.25	579
32.5	580
32.5	581
34	582
35	583
35.75	584
35.5	585
35.75	586
35.5	587
35.75	588
37	589
38.25	590
39.25	591
39.25	592
40	593
33.75	594
37	595
39	596
34.5	597
30.25	598
34.75	599
36.75	600
35.75	601
36	602
36.25	603
35.75	604
28.25	605
33	606
33.25	607
28.75	608
26.75	609
23.75	610
22.5	611
22	612
21.5	613
20.5	614
19.75	615
18.5	616
17.5	617
16	618
15	619
14	620
14.75	621
15.75	622
15.5	623
14.5	624
13.5	625
12.25	626
11	627
10	628
9.5	629
9	630
8.5	631
8	632
7.5	633
7.5	634
7.75	635
7.75	636
8	637
8.25	638
8	639
7.75	640
7.5	641
7.25	642
7	643
6.25	644
6	645
5.75	646
5.5	647
5.5	648
5.25	649
5	650
4.75	651
5.25	652
5.25	653
5.25	654
5.75	655
6.75	656
8.5	657
9.25	658
10	659
12	660
14	661
15.75	662
16	663
16	664
20.25	665
24.5	666
26.75	667
28.75	668
28.75	669
29.5	670
30	671
31.75	672
32.25	673
29.75	674
29.25	675
32.5	676
36.25	677
30.25	678
22.5	679
18	680
16.75	681
16.25	682
16.5	683
16.25	684
15.75	685
15.5	686
15.5	687
15	688
15	689
16.5	690
16.75	691
16.75	692
15.5	693
15	694
14.25	695
13.5	696
13	697
13.5	698
14.25	699
13	700
14	701
14.75	702
14.75	703
15.25	704
14.75	705
14.25	706
14.25	707
13.75	708
13.5	709
13.75	710
13.25	711
12.75	712
12	713
11.5	714
10.5	715
10	716
9.5	717
8.5	718
7.75	719
7	720
7	721
8	722
8.5	723
7.5	724
6.25	725
5.5	726
5	727
4.5	728
4.25	729
4.25	730
4.75	731
5.5	732
6.5	733
7.5	734
8	735
7.75	736
6.5	737
5.5	738
4.75	739
4.25	740
4	741
3.75	742
3.5	743
3.25	744
3.25	745
3.25	746
2.75	747
3	748
3.25	749
3.5	750
4	751
4.5	752
5.75	753
7.5	754
8.5	755
9.25	756
10.5	757
12.25	758
12.25	759
12	760
12	761
12	762
12.75	763
13	764
13.5	765
14	766
16	767
18.75	768
18.25	769
16.75	770
15.25	771
14.5	772
14.75	773
14.75	774
18.75	775
16.25	776
14.25	777
15.5	778
16.5	779
15.5	780
15.5	781
15.75	782
16.5	783
17	784
18.5	785
17.5	786
16.5	787
16.75	788
19.25	789
20	790
18.75	791
16.75	792
15	793
16.75	794
17.25	795
18.5	796
18.75	797
20	798
21.5	799
17.5	800
16.75	801
17	802
17.25	803
17	804
16.5	805
16	806
16	807
14.75	808
13.5	809
13	810
12	811
12.5	812
12.25	813
11.5	814
10.5	815
10.5	816
10.75	817
10.25	818
9	819
8.25	820
7.25	821
6.5	822
6	823
5.5	824
6	825
7	826
7	827
6.75	828
7	829
8	830
9	831
9.5	832
10	833
10.5	834
11	835
11	836
11	837
11.25	838
11.5	839
11.5	840
12	841
12	842
12	843
12	844
12.5	845
12.5	846
12.5	847
12.5	848
12.5	849
13	850
13	851
13	852
13	853
13.5	854
14.75	855
15	856
16.25	857
16.75	858
16.75	859
21	860
20.5	861
18	862
19.75	863
17.5	864
18.25	865
18.5	866
17.5	867
17.5	868
18	869
17.5	870
21	871
20.75	872
21.75	873
21.5	874
22.25	875
23	876
21.75	877
19.75	878
19	879
20	880
21.5	881
23.25	882
26	883
28	884
30.75	885
30	886
27.5	887
28.25	888
27.5	889
29.75	890
28.75	891
24.5	892
23.75	893
29.75	894
28.75	895
24	896
22	897
20	898
19.25	899
19.5	900
19.75	901
19.5	902
18.5	903
17.25	904
16.5	905
15.5	906
14.5	907
13.25	908
12.5	909
11.5	910
11	911
10	912
9.25	913
8.75	914
8	915
7.5	916
7.25	917
7	918
6.5	919
6.5	920
6	921
5.75	922
5.5	923
5	924
5	925
4.75	926
4.75	927
4.5	928
4.5	929
4.25	930
4.25	931
4	932
4	933
4	934
3.75	935
3.75	936
3.75	937
3.5	938
3.5	939
3.75	940
4	941
4.25	942
4.75	943
5.75	944
6.25	945
7.5	946
8.25	947
9	948
9.75	949
14.5	950
19.75	951
23.5	952
26.75	953
27.75	954
28.5	955
29.5	956
30.5	957
31	958
31	959
30	960
30	961
29.75	962
30.5	963
30.5	964
31.5	965
32.5	966
34	967
29	968
31	969
30.25	970
31.25	971
36.25	972
32	973
28.25	974
27.25	975
34	976
32.5	977
30	978
32.5	979
37.75	980
33.5	981
28	982
25.75	983
25	984
24.75	985
24.5	986
24.25	987
24	988
23.75	989
25.75	990
27.5	991
26.25	992
25.25	993
23	994
21.25	995
20.5	996
19.75	997
19	998
18.5	999
18.5	1000
18.25	1001
17.5	1002
17	1003
16.5	1004
15.5	1005
14	1006
12.75	1007
11.5	1008
10.75	1009
10.25	1010
9.5	1011
9	1012
8.75	1013
8.25	1014
8	1015
7.75	1016
7.5	1017
7.25	1018
7	1019
6.75	1020
6.75	1021
6.5	1022
6.5	1023
6.25	1024
6	1025
6	1026
5.75	1027
5.75	1028
5.5	1029
5.5	1030
5.5	1031
5.25	1032
5.25	1033
5.25	1034
5.25	1035
5.25	1036
5.5	1037
5.75	1038
6.25	1039
6.75	1040
7.5	1041
8.5	1042
9.5	1043
10.5	1044
11.5	1045
16	1046
22	1047
26	1048
28.75	1049
30.5	1050
31.75	1051
32.25	1052
32.5	1053
32.25	1054
32	1055
31.75	1056
31.75	1057
31.5	1058
32.25	1059
32.25	1060
31.75	1061
35.25	1062
37	1063
33	1064
36.75	1065
38.5	1066
36.75	1067
38.5	1068
39.5	1069
39.5	1070
39.5	1071
39.25	1072
38.5	1073
38.25	1074
38.25	1075
37.5	1076
36.5	1077
35	1078
33.75	1079
33.25	1080
32.75	1081
33.25	1082
33.25	1083
33.75	1084
32.75	1085
30.25	1086
30.25	1087
28.5	1088
25.5	1089
22.75	1090
21.75	1091
21	1092
20.5	1093
19.75	1094
19	1095
17.75	1096
16.75	1097
16	1098
15	1099
14.5	1100
13.75	1101
13	1102
12.25	1103
11.5	1104
10.75	1105
10.5	1106
10.25	1107
9.75	1108
9.75	1109
10	1110
10	1111
9.25	1112
8	1113
7.5	1114
7	1115
6.5	1116
6	1117
6	1118
5.5	1119
5.25	1120
5.25	1121
5	1122
4.75	1123
4.5	1124
4.5	1125
4.5	1126
4.25	1127
4.25	1128
4.25	1129
4.25	1130
4.25	1131
4.25	1132
4.5	1133
4.75	1134
5.75	1135
6.5	1136
8.25	1137
10.75	1138
13.25	1139
14.75	1140
16	1141
16.5	1142
17.25	1143
20.5	1144
23.75	1145
25.5	1146
26.5	1147
27.5	1148
28	1149
29	1150
29.5	1151
29.5	1152
29.5	1153
29.75	1154
31.25	1155
33.5	1156
35.25	1157
36.25	1158
36.5	1159
36.75	1160
36.75	1161
36.75	1162
37	1163
37.75	1164
37.75	1165
37.25	1166
38	1167
37.5	1168
37.25	1169
38	1170
37.25	1171
34.5	1172
35.25	1173
32.25	1174
32.25	1175
31.5	1176
31	1177
31.25	1178
31.5	1179
32	1180
32.75	1181
32.25	1182
32	1183
28.75	1184
25	1185
22.25	1186
21.25	1187
20.75	1188
20.5	1189
20	1190
19.5	1191
19	1192
18.25	1193
17.75	1194
17.5	1195
17	1196
16	1197
15.5	1198
14.75	1199
14.5	1200
13.75	1201
13	1202
12.5	1203
12.25	1204
11.5	1205
11.5	1206
10.75	1207
10	1208
9.5	1209
9	1210
8.25	1211
7.75	1212
7.5	1213
7.25	1214
7.25	1215
7.25	1216
7.25	1217
6.75	1218
7	1219
7	1220
7.5	1221
7.25	1222
7	1223
7.75	1224
7.75	1225
8.75	1226
8.75	1227
9.25	1228
9.5	1229
10.75	1230
11.5	1231
12.75	1232
13.75	1233
15	1234
15.75	1235
16	1236
16.25	1237
16.25	1238
18.75	1239
18.5	1240
19.5	1241
23.5	1242
26	1243
26.25	1244
27.75	1245
28	1246
28.25	1247
29	1248
26.75	1249
26.75	1250
29.75	1251
28.75	1252
24.75	1253
29	1254
32.5	1255
31.75	1256
28	1257
25	1258
22.25	1259
21.25	1260
21.75	1261
21	1262
21	1263
20.75	1264
20	1265
18	1266
17	1267
17	1268
17.5	1269
17.5	1270
17	1271
17	1272
17	1273
17	1274
17	1275
16.5	1276
16.75	1277
17.25	1278
18	1279
18	1280
18	1281
17.75	1282
17.5	1283
17.5	1284
17.25	1285
17	1286
16.5	1287
17	1288
17	1289
16.5	1290
16.5	1291
16.5	1292
16	1293
15.5	1294
15.5	1295
15.5	1296
15.5	1297
15.5	1298
14.5	1299
13.5	1300
13	1301
13	1302
13	1303
12.5	1304
12.5	1305
12.5	1306
12	1307
11	1308
10.5	1309
11.25	1310
12	1311
12.75	1312
13	1313
13.5	1314
13.75	1315
14	1316
14.5	1317
14.5	1318
15	1319
15	1320
15	1321
15	1322
15	1323
15	1324
15.25	1325
15.5	1326
15.5	1327
15.5	1328
15.75	1329
16	1330
16	1331
16	1332
16	1333
16	1334
16	1335
16.5	1336
17	1337
17.5	1338
19.75	1339
22.75	1340
23.25	1341
23.75	1342
23.25	1343
22.25	1344
22.75	1345
22	1346
25	1347
23.5	1348
26.25	1349
26.75	1350
26	1351
30.25	1352
26.25	1353
25.5	1354
25.75	1355
23.75	1356
23.75	1357
23.5	1358
26.5	1359
29.5	1360
25.5	1361
25.5	1362
24.25	1363
24.75	1364
25.25	1365
24.5	1366
25.75	1367
26.5	1368
27.75	1369
28.25	1370
28.75	1371
27.5	1372
25.5	1373
26.25	1374
28.75	1375
26	1376
23.75	1377
22.25	1378
21.25	1379
20.75	1380
20.25	1381
19.25	1382
19	1383
18.5	1384
18	1385
17.75	1386
17	1387
15.75	1388
15	1389
14.25	1390
13.5	1391
12.5	1392
11.75	1393
10.75	1394
10.25	1395
9.75	1396
9.5	1397
9.5	1398
10	1399
10.75	1400
11	1401
11.5	1402
11.5	1403
11.5	1404
11.75	1405
12	1406
12	1407
12	1408
11.5	1409
11.5	1410
11.5	1411
11.5	1412
11.5	1413
11.5	1414
11.5	1415
11.5	1416
11.5	1417
11.5	1418
11.5	1419
12	1420
12	1421
12.25	1422
12.5	1423
13	1424
13.25	1425
14	1426
14.25	1427
14.75	1428
15.5	1429
16.25	1430
16.75	1431
16.75	1432
17.25	1433
18.25	1434
18.5	1435
19	1436
19.25	1437
20	1438
22.25	1439
23.75	1440
25.75	1441
26.25	1442
24.75	1443
24.75	1444
24.5	1445
23.25	1446
26	1447
23.25	1448
22.5	1449
24	1450
25	1451
24.5	1452
23.5	1453
24	1454
26.5	1455
24.5	1456
22.75	1457
23	1458
23.5	1459
23.5	1460
23	1461
22.25	1462
22	1463
22	1464
21.75	1465
21.5	1466
21.5	1467
22.5	1468
23	1469
23	1470
22	1471
21.5	1472
21.25	1473
21.75	1474
21.25	1475
21	1476
20.75	1477
20.75	1478
20.5	1479
20.25	1480
20	1481
20	1482
19.5	1483
19.5	1484
19	1485
18.5	1486
18.25	1487
17.75	1488
17.5	1489
17.25	1490
17	1491
17	1492
16.75	1493
16.75	1494
16.5	1495
16.5	1496
16.5	1497
16.5	1498
16.5	1499
16.25	1500
16	1501
16	1502
16	1503
16	1504
16	1505
16	1506
16	1507
16	1508
16	1509
15.75	1510
15.5	1511
15.5	1512
15.5	1513
15.5	1514
14.75	1515
13.25	1516
12.25	1517
11.75	1518
11.75	1519
11.75	1520
12	1521
12.5	1522
13.25	1523
14.25	1524
14.75	1525
17.75	1526
22.5	1527
24.75	1528
26	1529
27	1530
28	1531
29	1532
29.75	1533
30.25	1534
29.75	1535
29.75	1536
29.75	1537
30.5	1538
32.5	1539
34	1540
37.25	1541
33.75	1542
30.25	1543
34.75	1544
36.25	1545
30.75	1546
35.75	1547
34.75	1548
31.5	1549
35.5	1550
38.75	1551
35.5	1552
40.5	1553
40.5	1554
41	1555
35.25	1556
35.5	1557
36.75	1558
35	1559
33.75	1560
34.25	1561
34.25	1562
36.25	1563
37.25	1564
38.25	1565
38.25	1566
36	1567
31.5	1568
27	1569
25	1570
24	1571
23.5	1572
23	1573
22.5	1574
22	1575
22	1576
21.5	1577
21	1578
20	1579
19	1580
17.75	1581
16.5	1582
15.5	1583
14.75	1584
14	1585
13.5	1586
13	1587
12.5	1588
12.25	1589
12	1590
11.75	1591
11.5	1592
11.25	1593
11	1594
11	1595
10.75	1596
10.5	1597
10.5	1598
10.5	1599
10.5	1600
10.25	1601
10	1602
10	1603
10	1604
10	1605
9.75	1606
9.75	1607
9.75	1608
9.5	1609
9.5	1610
9.5	1611
9.5	1612
10	1613
10	1614
10.5	1615
11.25	1616
11.75	1617
12.75	1618
13.5	1619
14.25	1620
15.25	1621
18.25	1622
23.25	1623
26	1624
28	1625
29.5	1626
30.25	1627
31	1628
31.75	1629
33.25	1630
33.5	1631
33.75	1632
34.25	1633
35	1634
36.75	1635
38	1636
39.75	1637
40.75	1638
41.5	1639
41.25	1640
40.75	1641
40.75	1642
41.75	1643
41.75	1644
42	1645
42	1646
42.75	1647
42.75	1648
43.25	1649
40.25	1650
34.5	1651
33.25	1652
39	1653
39.25	1654
38.25	1655
38.75	1656
34.75	1657
36.75	1658
38	1659
38	1660
37.25	1661
38.25	1662
38.5	1663
35	1664
30.75	1665
28.5	1666
28	1667
27.25	1668
26.5	1669
25.75	1670
25	1671
24.5	1672
24.25	1673
23.75	1674
23	1675
22.5	1676
22	1677
21	1678
19.25	1679
18.25	1680
17.25	1681
16.25	1682
15.75	1683
15.25	1684
14.75	1685
14.75	1686
14.25	1687
14	1688
13.75	1689
13.75	1690
13.5	1691
13.25	1692
13.5	1693
14.25	1694
14.5	1695
14	1696
13.5	1697
13.25	1698
13	1699
13	1700
12.5	1701
12.5	1702
12.25	1703
12	1704
12	1705
11.75	1706
11.5	1707
11.5	1708
11.5	1709
12	1710
12.25	1711
12.5	1712
13.25	1713
14	1714
14.75	1715
15.75	1716
16.5	1717
19.75	1718
26.5	1719
30	1720
31.5	1721
32.75	1722
33.75	1723
34.75	1724
35.5	1725
36	1726
35.5	1727
35	1728
35.25	1729
35.5	1730
37	1731
38.75	1732
40.5	1733
41.75	1734
42	1735
43	1736
42.5	1737
42.25	1738
42	1739
42.75	1740
42.5	1741
40	1742
35	1743
37	1744
39.5	1745
35	1746
36.25	1747
35	1748
36.75	1749
36	1750
36	1751
35.25	1752
35.25	1753
35.25	1754
35	1755
34.75	1756
35	1757
34.5	1758
33.75	1759
31.25	1760
27.5	1761
25.5	1762
24.5	1763
24	1764
23.75	1765
23	1766
22.5	1767
22	1768
21.5	1769
20	1770
19.25	1771
18.25	1772
17.25	1773
16.75	1774
15.75	1775
14.75	1776
14.25	1777
13.25	1778
13	1779
12.5	1780
12.25	1781
12.5	1782
12.25	1783
12	1784
11.5	1785
11.5	1786
11.5	1787
11	1788
11	1789
11	1790
11	1791
11	1792
10.75	1793
10.75	1794
10.75	1795
11	1796
11	1797
11.25	1798
11.5	1799
11.5	1800
11	1801
11	1802
11.5	1803
11	1804
11	1805
11.25	1806
12	1807
12.75	1808
14.25	1809
14.75	1810
15.75	1811
16.75	1812
18	1813
20.75	1814
25.75	1815
28.25	1816
29.5	1817
30.75	1818
32	1819
33.25	1820
34.25	1821
34.5	1822
34.75	1823
34.25	1824
34.25	1825
35	1826
35.75	1827
37	1828
39	1829
40.25	1830
40.25	1831
40.25	1832
40.5	1833
41	1834
41	1835
41.5	1836
41.5	1837
40.5	1838
41.25	1839
41.25	1840
42	1841
41.75	1842
41.25	1843
40.5	1844
40	1845
38.25	1846
36.5	1847
36.5	1848
36.25	1849
36.5	1850
36.5	1851
36.25	1852
36	1853
36	1854
35.75	1855
32.75	1856
29	1857
27.25	1858
26.25	1859
25.75	1860
25.75	1861
25.25	1862
24.75	1863
24.75	1864
24.25	1865
23.75	1866
23.25	1867
22.5	1868
22	1869
21	1870
19.75	1871
18.25	1872
17	1873
16	1874
15.75	1875
15.5	1876
15.5	1877
15	1878
14.5	1879
14.25	1880
14	1881
14	1882
14	1883
14.25	1884
14.5	1885
14.5	1886
14	1887
13.75	1888
13.5	1889
13.5	1890
13.5	1891
13	1892
12.5	1893
12.5	1894
12.5	1895
12.5	1896
12.5	1897
12.5	1898
12.75	1899
13	1900
13	1901
13	1902
13.5	1903
14.25	1904
15	1905
15.75	1906
16.75	1907
17.75	1908
18.25	1909
21.5	1910
26	1911
28.25	1912
30.25	1913
31	1914
31	1915
32.75	1916
33.5	1917
32.75	1918
31.25	1919
33.25	1920
34.75	1921
35.5	1922
37.25	1923
38.75	1924
41	1925
42.5	1926
42.75	1927
41.25	1928
38	1929
40	1930
37.25	1931
37.5	1932
38.75	1933
40.25	1934
40	1935
39.75	1936
38.25	1937
37.5	1938
39.25	1939
39.5	1940
38.75	1941
35.75	1942
35.5	1943
37	1944
37	1945
37	1946
37.5	1947
37.5	1948
37.25	1949
37	1950
36.5	1951
33.25	1952
29.75	1953
28	1954
27	1955
26.5	1956
26	1957
25.5	1958
25.25	1959
24.75	1960
23.5	1961
22.5	1962
22	1963
21.5	1964
20.25	1965
18.75	1966
17.75	1967
16.75	1968
16.25	1969
15.5	1970
15	1971
14.75	1972
15	1973
15	1974
14.5	1975
14	1976
13.75	1977
13.25	1978
13	1979
12.75	1980
12.75	1981
13	1982
12.75	1983
13	1984
13.25	1985
13.75	1986
14	1987
14.75	1988
17	1989
17.75	1990
18	1991
18	1992
18	1993
18	1994
17.5	1995
17.5	1996
17.5	1997
17.25	1998
17	1999
17	2000
